date,season,home,neutral,playoff,team1,team2,result_team1,result_team2,sets_team1,sets_team2,points_team1,points_team2,elo_start_team1,elo_start_team2,probability_team1,probability_team2,elo_end_team1,elo_end_team2
1/13/2021,2021,Quincy,0,0,Indiana Tech,Quincy,0,1,0,3,58,75,1373,1500,0.3249597989597013,0.6750402010402987,1362.6012864332895,1510.3987135667105
1/14/2021,2021,Greenville,0,0,Tusculum,Greenville,0,1,1,3,80,99,1500,1500,0.5,0.5,1484.0,1516.0
1/15/2021,2021,Queens,0,0,SFU,Queens,0,1,2,3,92,106,1500,1500,0.5,0.5,1484.0,1516.0
1/16/2021,2021,Queens,0,0,SFU,Queens,1,0,3,1,97,83,1484.0,1516.0,0.4540780772195163,0.5459219227804837,1501.4695015289756,1498.5304984710244
1/16/2021,2021,LMU,0,0,Lees,LMU,0,1,0,3,46,75,1500,1500,0.5,0.5,1484.0,1516.0
1/20/2021,2021,Lewis,0,0,Campbellsville,Lewis,0,1,1,3,73,105,1373,1500,0.3249597989597013,0.6750402010402987,1362.6012864332895,1510.3987135667105
1/21/2021,2021,Quincy,0,0,Georgetown,Quincy,0,1,0,3,45,75,1373,1510.3987135667105,0.3119688920383985,0.6880311079616015,1363.0169954547712,1520.3817181119393
1/22/2021,2021,GMU,0,0,Ball,GMU,0,1,2,3,111,117,1500,1500,0.5,0.5,1484.0,1516.0
1/22/2021,2021,Ohio,0,0,Penn,Ohio,1,0,3,0,75,65,1500,1500,0.5,0.5,1516.0,1484.0
1/22/2021,2021,SFU,0,0,King,SFU,1,0,3,1,99,92,1500,1501.4695015289756,0.497885229913797,0.502114770086203,1516.0676726427585,1485.4018288862171
1/22/2021,2021,Lewis,0,0,Queens,Lewis,0,1,0,3,56,75,1498.5304984710244,1510.3987135667105,0.48292690569858426,0.5170730943014158,1483.0768374886698,1525.8523745490652
1/22/2021,2021,Lindenwood,0,0,Georgetown,Lindenwood,0,1,2,3,88,110,1373,1500,0.3249597989597013,0.6750402010402987,1362.6012864332895,1510.3987135667105
1/22/2021,2021,Loyola,0,0,LMU,Loyola,0,1,1,3,87,98,1516.0,1500,0.5230095872975623,0.4769904127024377,1499.263693206478,1516.736306793522
1/22/2021,2021,Maranatha,1,0,Erskine,Maranatha,1,0,3,0,75,50,1500,1419,0.6145013610085578,0.3854986389914422,1512.3359564477262,1406.6640435522738
1/23/2021,2021,GMU,0,0,Ball,GMU,1,0,3,1,98,93,1484.0,1516.0,0.4540780772195163,0.5459219227804837,1501.4695015289756,1498.5304984710244
1/23/2021,2021,Ohio,0,0,Penn,Ohio,0,1,0,3,62,75,1516.0,1484.0,0.5459219227804837,0.4540780772195163,1498.5304984710244,1501.4695015289756
1/23/2021,2021,SFU,0,0,King,SFU,1,0,3,2,111,108,1516.0676726427585,1485.4018288862171,0.5440174511003267,0.45598254889967327,1530.659114207548,1470.8103873214275
1/23/2021,2021,Lewis,0,0,LMU,Lewis,0,1,0,3,65,75,1499.263693206478,1525.8523745490652,0.4618103363588455,0.5381896636411545,1484.4857624429949,1540.6303053125482
1/23/2021,2021,Loyola,0,0,Queens,Loyola,0,1,0,3,56,75,1483.0768374886698,1516.736306793522,0.45171111014793147,0.5482888898520685,1468.622081963936,1531.191062318256
1/23/2021,2021,Quincy,0,0,Culver,Quincy,0,1,0,3,58,80,1373,1520.3817181119393,0.29976915423808126,0.7002308457619187,1363.4073870643815,1529.9743310475578
1/23/2021,2021,Belmont,0,0,Limestone,Belmont,0,1,1,3,86,92,1500,1500,0.5,0.5,1484.0,1516.0
1/23/2021,2021,,1,0,Erskine,OUAZ,0,1,2,3,113,108,1512.3359564477262,1373,0.6904197162958639,0.3095802837041362,1490.2425255262585,1395.0934309214676
1/23/2021,2021,,1,0,Erskine,Lancaster,1,0,3,0,75,51,1490.2425255262585,1419,0.6011130419825235,0.3988869580174766,1503.0069081828178,1406.2356173434407
1/24/2021,2021,McKendree,0,0,LMU,McKendree,0,1,0,3,56,75,1484.4857624429949,1500,0.47768804502219164,0.5223119549778084,1469.1997450022848,1515.28601744071
1/24/2021,2021,Quincy,0,0,Augustana,Quincy,0,1,0,3,48,75,1419,1529.9743310475578,0.3455134189347615,0.6544865810652385,1407.9435705940875,1541.0307604534703
1/24/2021,2021,Quincy,0,0,Augustana,Quincy,0,1,1,3,81,98,1419,1541.0307604534703,0.3312658161094724,0.6687341838905275,1408.399493884497,1551.6312665689734
1/25/2021,2021,Pepperdine,0,0,Concordia,Pepperdine,0,1,2,3,92,106,1500,1500,0.5,0.5,1484.0,1516.0
1/27/2021,2021,Concordia,0,0,Pepperdine,Concordia,1,0,3,0,75,62,1516.0,1484.0,0.5459219227804837,0.4540780772195163,1530.5304984710244,1469.4695015289756
1/27/2021,2021,Reinhardt,0,0,Erskine,Reinhardt,1,0,3,2,117,122,1503.0069081828178,1373,0.6788255898476857,0.3211744101523143,1513.284489307692,1362.7224188751259
1/28/2021,2021,Ball,0,0,LMU,Ball,0,1,0,3,49,75,1469.1997450022848,1501.4695015289756,0.4536931685681899,0.5463068314318101,1454.6815636081028,1515.9876829231575
1/28/2021,2021,Queens,0,0,Belmont,Queens,1,0,3,2,109,114,1516.0,1468.622081963936,0.5677628012966575,0.43223719870334254,1529.831590358507,1454.790491605429
1/29/2021,2021,UCLA,0,0,GCU,UCLA,0,1,0,3,64,75,1500,1500,0.5,0.5,1484.0,1516.0
1/29/2021,2021,,1,0,Loyola,NJIT,1,0,3,0,75,64,1531.191062318256,1500,0.5447673430524688,0.4552326569475312,1545.758507340577,1485.432554977679
1/29/2021,2021,Ball,0,0,LMU,Ball,0,1,1,3,87,102,1454.6815636081028,1515.9876829231575,0.4126778066883196,0.5873221933116803,1441.4758737940765,1529.1933727371838
1/29/2021,2021,GMU,0,0,SVU,GMU,0,1,0,3,64,80,1419,1498.5304984710244,0.38750444856252636,0.6124955514374737,1406.5998576459992,1510.9306408250252
1/29/2021,2021,Penn,0,0,Ohio,Penn,0,1,0,3,54,75,1501.4695015289756,1498.5304984710244,0.5042294645114727,0.49577053548852734,1485.3341586646084,1514.6658413353916
1/29/2021,2021,SFU,0,0,Lewis,SFU,1,0,3,0,76,67,1540.6303053125482,1470.8103873214275,0.5991478539082363,0.4008521460917636,1553.4575739874847,1457.983118646491
1/29/2021,2021,King,0,0,Lindenwood,King,1,0,3,0,75,54,1510.3987135667105,1530.659114207548,0.4708759446824958,0.5291240553175042,1527.3306833368706,1513.727144437388
1/29/2021,2021,Olive,0,0,Queens,Olive,0,1,2,3,105,107,1454.790491605429,1500,0.43530302791190806,0.5646969720880919,1440.860794712248,1513.929696893181
1/30/2021,2021,,1,0,Lewis,NJIT,1,0,3,2,105,106,1553.4575739874847,1485.432554977679,0.5966638333203054,0.40333616667969463,1566.3643313212349,1472.5257976439289
1/30/2021,2021,Concordia,0,0,GCU,Concordia,1,0,3,0,86,80,1484.0,1469.4695015289756,0.5208988849692358,0.47910111503076436,1499.3312356809845,1454.138265847991
1/30/2021,2021,GMU,0,0,Barton,GMU,0,1,0,3,48,75,1500,1510.9306408250252,0.4842747312528346,0.5157252687471654,1484.5032085999094,1526.4274322251158
1/30/2021,2021,Penn,0,0,Ohio,Penn,0,1,0,3,61,75,1485.3341586646084,1514.6658413353916,0.4578883155602325,0.5421116844397674,1470.681732566681,1529.318267433319
1/30/2021,2021,SFU,0,0,Loyola,SFU,1,0,3,2,116,98,1545.758507340577,1457.983118646491,0.623698349579915,0.3763016504200851,1557.8001601540195,1445.9414658330484
1/30/2021,2021,LMU,0,0,Lindenwood,LMU,1,0,3,1,92,81,1527.3306833368706,1441.4758737940765,0.621100054126294,0.37889994587370596,1539.4554816048292,1429.351075526118
1/30/2021,2021,Tusculum,0,0,Belmont,Tusculum,1,0,3,0,76,56,1529.831590358507,1484.0,0.5655770262175317,0.43442297378246825,1543.7331255195459,1470.098464838961
1/30/2021,2021,Limestone,0,0,Greenville,Limestone,1,0,3,1,100,93,1516.0,1484.0,0.5459219227804837,0.4540780772195163,1530.5304984710244,1469.4695015289756
2/2/2021,2021,Limestone,0,0,Emmanuel,Limestone,0,1,1,3,93,102,1500,1469.4695015289756,0.5438241765126882,0.45617582348731184,1482.597626351594,1486.8718751773815
2/3/2021,2021,Greenville,0,0,Belmont,Greenville,1,0,3,2,105,110,1543.7331255195459,1530.5304984710244,0.5189909674345647,0.4810090325654352,1559.12541456164,1515.1382094289304
2/4/2021,2021,BYU,0,0,UCLA,BYU,1,0,3,1,90,90,1516.0,1500,0.5230095872975623,0.4769904127024377,1531.263693206478,1484.736306793522
2/4/2021,2021,NJIT,0,0,Sacred,NJIT,0,1,0,3,45,75,1500,1472.5257976439289,0.539456347085207,0.46054365291479304,1482.7373968932734,1489.7884007506555
2/4/2021,2021,Penn,0,0,SFU,Penn,0,1,0,3,52,75,1445.9414658330484,1529.318267433319,0.38226264484441447,0.6177373551555856,1433.709061198027,1541.5506720683404
2/4/2021,2021,Lindenwood,0,0,McKendree,Lindenwood,1,0,3,0,75,54,1515.28601744071,1539.4554816048292,0.4652733449460525,0.5347266550539475,1532.3972704024363,1522.344228643103
2/5/2021,2021,NJIT,0,0,Sacred,NJIT,0,1,0,3,48,75,1482.7373968932734,1489.7884007506555,0.48985418262614033,0.5101458173738597,1467.062063049237,1505.463734594692
2/5/2021,2021,Ball,0,0,PFW,Ball,0,1,1,3,86,98,1500,1529.1933727371838,0.45808595423718174,0.5419140457628182,1485.34124946441,1543.8521232727737
2/5/2021,2021,GMU,0,0,Charleston,GMU,0,1,2,3,95,107,1500,1526.4274322251158,0.4620410468850311,0.537958953114969,1485.214686499679,1541.212745725437
2/5/2021,2021,Ohio,0,0,Lewis,Ohio,0,1,1,3,89,99,1566.3643313212349,1470.681732566681,0.6343196263008068,0.36568037369919315,1546.066103279609,1490.9799606083068
2/5/2021,2021,Quincy,0,0,Loyola,Quincy,1,0,3,0,75,57,1557.8001601540195,1551.6312665689734,0.5088768186963153,0.4911231813036847,1573.5161019557374,1535.9153247672555
2/5/2021,2021,Olive,0,0,Emmanuel,Olive,0,1,0,3,60,75,1482.597626351594,1513.929696893181,0.4550313638848825,0.5449686361151176,1468.0366227072777,1528.4907005374973
2/6/2021,2021,BYU,0,0,UCLA,BYU,0,1,0,3,54,75,1531.263693206478,1484.736306793522,0.5665608732211552,0.4334391267788448,1513.133745263401,1502.866254736599
2/6/2021,2021,Ball,0,0,PFW,Ball,0,1,0,3,57,75,1485.34124946441,1543.8521232727737,0.4165831969968465,0.5834168030031535,1472.010587160511,1557.1827855766728
2/6/2021,2021,GMU,0,0,Charleston,GMU,0,1,0,3,66,77,1485.214686499679,1541.212745725437,0.4201029613214997,0.5798970386785003,1471.771391737391,1554.6560404877248
2/6/2021,2021,Penn,0,0,SFU,Penn,0,1,2,3,100,114,1433.709061198027,1541.5506720683404,0.3496026604547914,0.6503973395452086,1422.5217760634737,1552.7379572028938
2/6/2021,2021,Ohio,0,0,Lewis,Ohio,1,0,3,0,75,55,1546.066103279609,1490.9799606083068,0.5786176614394827,0.4213823385605173,1559.5503381135456,1477.4957257743702
2/6/2021,2021,Lindenwood,0,0,McKendree,Lindenwood,1,0,3,0,75,60,1532.3972704024363,1522.344228643103,0.5144634538568941,0.48553654614310593,1547.9344398790158,1506.8070591665235
2/6/2021,2021,Quincy,0,0,Loyola,Quincy,1,0,3,0,75,47,1573.5161019557374,1535.9153247672555,0.5539015936850165,0.4460984063149836,1587.7912509578168,1521.640175765176
2/6/2021,2021,Barton,0,0,Emmanuel,Barton,0,1,1,3,87,103,1468.0366227072777,1484.5032085999094,0.4763204054543507,0.5236795945456494,1452.7943697327385,1499.7454615744487
2/6/2021,2021,Queens,0,0,King,Queens,1,0,3,0,75,62,1513.727144437388,1440.860794712248,0.6033522129483223,0.39664778705167764,1526.4198736230417,1428.1680655265943
2/9/2021,2021,Queens,0,0,Emmanuel,Queens,0,1,2,3,106,104,1452.7943697327385,1428.1680655265943,0.5353808692392825,0.4646191307607175,1435.6621819170814,1445.3002533422514
2/9/2021,2021,King,0,0,LMU,King,1,0,3,0,75,53,1429.351075526118,1526.4198736230417,0.36383143015829345,0.6361685698417066,1449.7084697610526,1506.062479388107
2/10/2021,2021,Barton,0,0,Limestone,Barton,0,1,1,3,88,98,1486.8718751773815,1499.7454615744487,0.4814818938714188,0.5185181061285812,1471.4644545734961,1515.152882178334
2/12/2021,2021,BYU,0,0,Pepperdine,BYU,0,1,0,3,55,78,1530.5304984710244,1502.866254736599,0.5397281237651097,0.4602718762348903,1513.259198510541,1520.1375546970826
2/12/2021,2021,SFU,0,0,Charleston,SFU,1,0,3,2,109,108,1471.771391737391,1422.5217760634737,0.5704049624518611,0.42959503754813894,1485.5184329389315,1408.7747348619332
2/12/2021,2021,Loyola,0,0,Lindenwood,Loyola,0,1,0,3,60,76,1506.8070591665235,1587.7912509578168,0.38552019600433585,0.6144798039956642,1494.4704128943847,1600.1278972299556
2/12/2021,2021,McKendree,0,0,Ohio,McKendree,0,1,1,3,82,98,1477.4957257743702,1547.9344398790158,0.39999694610962955,0.6000030538903705,1464.695823498862,1560.734342154524
2/12/2021,2021,PFW,0,0,Quincy,PFW,0,1,1,3,78,91,1521.640175765176,1472.010587160511,0.5709408625779197,0.4290591374220804,1503.3700681626826,1490.2806947630045
2/12/2021,2021,Lees,0,0,Barton,Lees,1,0,3,0,75,57,1515.152882178334,1484.0,0.544712837347768,0.45528716265223196,1529.7220713832055,1469.4308107951285
2/12/2021,2021,Belmont,0,0,Emmanuel,Belmont,0,1,1,3,91,97,1435.6621819170814,1559.12541456164,0.3294416443065046,0.6705583556934954,1425.1200492992732,1569.667547179448
2/12/2021,2021,Erskine,0,0,Greenville,Erskine,1,0,3,0,75,56,1515.1382094289304,1513.284489307692,0.5026676923850215,0.49733230761497843,1531.0528432726096,1497.3698554640127
2/12/2021,2021,King,0,0,Olive,King,1,0,3,0,75,47,1528.4907005374973,1506.062479388107,0.532232045112701,0.46776795488729905,1543.459275093891,1491.0939048317134
2/13/2021,2021,BYU,0,0,Pepperdine,BYU,0,1,1,3,98,102,1513.259198510541,1520.1375546970826,0.49010254277725057,0.5098974572227494,1497.575917141669,1535.8208360659546
2/13/2021,2021,UCLA,0,0,USC,UCLA,1,0,3,1,107,107,1500,1513.133745263401,0.48110801916077334,0.5188919808392266,1516.6045433868553,1496.5292018765456
2/13/2021,2021,Penn,0,0,NJIT,Penn,0,1,1,3,80,96,1505.463734594692,1552.7379572028938,0.432383693410645,0.567616306589355,1491.6274564055514,1566.5742353920343
2/13/2021,2021,SFU,0,0,Charleston,SFU,1,0,3,0,75,67,1485.5184329389315,1408.7747348619332,0.6086812384542332,0.39131876154576684,1498.040633308396,1396.2525344924686
2/13/2021,2021,Loyola,0,0,Lindenwood,Loyola,0,1,1,3,82,93,1494.4704128943847,1600.1278972299556,0.3524668597939021,0.6475331402060979,1483.19147338098,1611.4068367433604
2/13/2021,2021,McKendree,0,0,Ohio,McKendree,0,1,1,3,87,92,1464.695823498862,1560.734342154524,0.3652052593822351,0.6347947406177649,1453.0092551986304,1572.4209104547556
2/13/2021,2021,PFW,0,0,Quincy,PFW,0,1,0,3,59,77,1503.3700681626826,1490.2806947630045,0.5188282154498497,0.4811717845501503,1486.7675652682874,1506.8831976573997
2/13/2021,2021,King,0,0,Barton,King,0,1,0,3,69,77,1529.7220713832055,1491.0939048317134,0.5553624730698347,0.44463752693016534,1511.9504722449708,1508.8655039699481
2/13/2021,2021,Emmanuel,0,0,LMU,Emmanuel,0,1,1,3,83,93,1449.7084697610526,1425.1200492992732,0.5353266227195743,0.4646733772804256,1432.5780178340262,1442.2505012262995
2/13/2021,2021,Erskine,0,0,Limestone,Erskine,1,0,3,0,75,60,1471.4644545734961,1497.3698554640127,0.4627880650865047,0.5372119349134953,1488.655236490728,1480.179073546781
2/13/2021,2021,Lees,0,0,Olive,Lees,1,0,3,1,102,91,1543.459275093891,1469.4308107951285,0.6049520612624336,0.3950479387375664,1556.1008091334932,1456.7892767555263
2/14/2021,2021,Penn,0,0,NJIT,Penn,1,0,3,0,75,52,1491.6274564055514,1566.5742353920343,0.3937853087566062,0.6062146912433938,1511.02632652534,1547.1753652722457
2/17/2021,2021,Barton,0,0,Queens,Barton,0,1,2,3,110,114,1445.3002533422514,1511.9504722449708,0.40524216374401245,0.5947578362559875,1432.332504102443,1524.9182214847792
2/17/2021,2021,Erskine,0,0,Lees,Erskine,0,1,1,3,68,100,1456.7892767555263,1480.179073546781,0.46639013626228815,0.5336098637377119,1441.864792395133,1495.1035579071743
2/18/2021,2021,BYU,0,0,GCU,BYU,0,1,1,3,87,99,1499.3312356809845,1535.8208360659546,0.44767947388418966,0.5523205261158104,1485.0054925166903,1550.1465792302488
2/18/2021,2021,USC,0,0,UCLA,USC,1,0,3,1,102,93,1496.5292018765456,1516.6045433868553,0.47114137080254104,0.528858629197459,1513.4526780108642,1499.6810672525366
2/18/2021,2021,Stanford,0,0,Pepperdine,Stanford,1,0,3,0,77,63,1497.575917141669,1500,0.49651152094704004,0.50348847905296,1513.6875484713637,1483.8883686703052
2/18/2021,2021,McKendree,0,0,Quincy,McKendree,0,1,1,3,91,98,1486.7675652682874,1572.4209104547556,0.3791729071104816,0.6208270928895183,1474.634032240752,1584.554443482291
2/19/2021,2021,Charleston,0,0,NJIT,Charleston,1,0,3,1,96,77,1511.02632652534,1498.040633308396,0.518679217580583,0.4813207824194171,1526.4285915627613,1482.6383682709748
2/19/2021,2021,GMU,0,0,SFU,GMU,0,1,0,3,46,75,1396.2525344924686,1554.6560404877248,0.2866226708184379,0.7133773291815622,1387.0806090262786,1563.8279659539148
2/19/2021,2021,Lewis,0,0,PFW,Lewis,0,1,1,3,83,86,1506.8831976573997,1559.5503381135456,0.4247811623874902,0.5752188376125098,1493.290200461,1573.1433353099453
2/19/2021,2021,McKendree,0,0,Quincy,McKendree,0,1,0,3,59,75,1474.634032240752,1584.554443482291,0.34688662220150984,0.6531133777984901,1463.5336603303037,1595.6548153927392
2/19/2021,2021,Greenville,0,0,Barton,Greenville,0,1,0,3,67,75,1524.9182214847792,1531.0528432726096,0.4911724869251412,0.5088275130748589,1509.2007019031746,1546.7703628542142
2/19/2021,2021,Belmont,0,0,Olive,Belmont,1,0,3,0,79,69,1556.1008091334932,1569.667547179448,0.4804858116705785,0.5195141883294214,1572.7252631600347,1553.0430931529065
2/19/2021,2021,Emmanuel,0,0,Lees,Emmanuel,0,1,1,3,77,100,1441.864792395133,1442.2505012262995,0.4994449205999864,0.5005550794000136,1425.8825549359335,1458.232738685499
2/19/2021,2021,Erskine,0,0,King,Erskine,0,1,2,3,101,103,1508.8655039699481,1495.1035579071743,0.5197946811557993,0.4802053188442008,1492.2320741729625,1511.73698770416
2/20/2021,2021,BYU,0,0,GCU,BYU,0,1,2,3,112,116,1485.0054925166903,1550.1465792302488,0.40733768802406806,0.5926623119759319,1471.97068649992,1563.181385247019
2/20/2021,2021,USC,0,0,UCLA,USC,1,0,3,1,109,103,1513.4526780108642,1499.6810672525366,0.5198085679562294,0.4801914320437705,1528.8188038362648,1484.314941427136
2/20/2021,2021,Stanford,0,0,Pepperdine,Stanford,1,0,3,1,98,91,1513.6875484713637,1483.8883686703052,0.542779618359667,0.45722038164033296,1528.3186006838544,1469.2573164578146
2/20/2021,2021,Charleston,0,0,NJIT,Charleston,1,0,3,1,98,84,1526.4285915627613,1482.6383682709748,0.5626876031191406,0.43731239688085943,1540.422588262949,1468.6443715707871
2/20/2021,2021,Ball,0,0,Lindenwood,Ball,0,1,0,3,56,75,1483.19147338098,1557.1827855766728,0.39509905035301923,0.6049009496469808,1470.5483037696833,1569.8259551879694
2/20/2021,2021,GMU,0,0,SFU,GMU,0,1,0,3,53,75,1387.0806090262786,1563.8279659539148,0.26552644059651853,0.7344735594034814,1378.58376292719,1572.3248120530034
2/20/2021,2021,Sacred,0,0,Penn,Sacred,1,0,3,0,75,45,1547.1753652722457,1467.062063049237,0.613291515361523,0.386708484638477,1559.550036780677,1454.6873915408057
2/20/2021,2021,Lewis,0,0,PFW,Lewis,0,1,2,3,106,118,1493.290200461,1573.1433353099453,0.3870637335861968,0.6129362664138032,1480.9041609862418,1585.5293747847036
2/20/2021,2021,Ohio,0,0,Loyola,Ohio,0,1,2,3,108,105,1611.4068367433604,1453.0092551986304,0.7133703559068125,0.28662964409318753,1588.5789853543424,1475.8371065876483
2/20/2021,2021,Belmont,0,0,Barton,Belmont,1,0,3,0,75,65,1509.2007019031746,1553.0430931529065,0.43723850265707276,0.5627614973429272,1527.2090698181482,1535.034725237933
2/20/2021,2021,Emmanuel,0,0,King,Emmanuel,1,0,3,0,77,67,1492.2320741729625,1458.232738685499,0.5487733886491566,0.4512266113508434,1506.6713257361894,1443.7934871222722
2/20/2021,2021,Limestone,0,0,Erskine,Limestone,0,1,0,3,55,75,1511.73698770416,1488.655236490728,0.5331685274352305,0.4668314725647695,1494.6755948262326,1505.7166293686553
2/20/2021,2021,Greenville,0,0,Olive,Greenville,0,1,1,3,98,102,1572.7252631600347,1546.7703628542142,0.5372827749801953,0.4627172250198046,1555.5322143606684,1563.9634116535806
2/20/2021,2021,Lees,0,0,Queens,Lees,1,0,3,0,78,61,1432.332504102443,1425.8825549359335,0.5092811568102208,0.49071884318977915,1448.035507084516,1410.1795519538605
2/21/2021,2021,UCI,0,0,Hawaii,UCI,1,0,3,1,97,71,1500,1500,0.5,0.5,1516.0,1484.0
2/21/2021,2021,Ball,0,0,Lindenwood,Ball,0,1,0,3,63,75,1470.5483037696833,1569.8259551879694,0.3608935243661528,0.6391064756338471,1458.9997109899664,1581.3745479676863
2/21/2021,2021,Sacred,0,0,Penn,Sacred,1,0,3,1,98,77,1559.550036780677,1454.6873915408057,0.6464881608497566,0.3535118391502434,1570.8624156334847,1443.375012687998
2/21/2021,2021,Ohio,0,0,Loyola,Ohio,0,1,0,3,64,77,1588.5789853543424,1475.8371065876483,0.6567838225455854,0.3432161774544146,1567.5619030328837,1496.854188909107
2/22/2021,2021,UCI,0,0,Hawaii,UCI,1,0,3,0,78,53,1516.0,1484.0,0.5459219227804837,0.4540780772195163,1530.5304984710244,1469.4695015289756
2/23/2021,2021,Belmont,0,0,Erskine,Belmont,0,1,0,3,63,75,1494.6755948262326,1535.034725237933,0.4421783870049989,0.5578216129950011,1480.5258864420725,1549.184433622093
2/24/2021,2021,UCSD,0,0,Hawaii,UCSD,1,0,3,0,75,61,1530.5304984710244,1500,0.5438241765126882,0.45617582348731184,1545.1281248226185,1485.402373648406
2/24/2021,2021,USC,0,0,Pepperdine,USC,1,0,3,0,80,68,1528.3186006838544,1484.314941427136,0.5629899106264759,0.43701008937352415,1542.302923543807,1470.3306185671834
2/24/2021,2021,Olive,0,0,Barton,Olive,0,1,2,3,98,108,1527.2090698181482,1555.5322143606684,0.45932977132440717,0.5406702286755929,1512.5105171357673,1570.2307670430494
2/24/2021,2021,King,0,0,Greenville,King,0,1,2,3,106,101,1563.9634116535806,1506.6713257361894,0.581710653947262,0.4182893460527381,1545.3486707272682,1525.2860666625018
2/25/2021,2021,UCSD,0,0,Hawaii,UCSD,1,0,3,0,75,62,1545.1281248226185,1485.402373648406,0.5851154916016378,0.41488450839836216,1558.404429091366,1472.1260693796585
2/25/2021,2021,GCU,0,0,BYU,GCU,0,1,0,3,95,75,1563.181385247019,1471.97068649992,0.6283280957308546,0.3716719042691454,1543.0748861836316,1492.0771855633075
2/25/2021,2021,UCLA,0,0,Concordia,UCLA,0,1,0,3,57,75,1454.138265847991,1528.8188038362648,0.39415122965568933,0.6058487703443107,1441.525426499009,1541.431643185247
2/25/2021,2021,NJIT,0,0,SFU,NJIT,0,1,0,3,51,75,1378.58376292719,1540.422588262949,0.28259633617401647,0.7174036638259835,1369.5406801696215,1549.4656710205174
2/25/2021,2021,Loyola,0,0,PFW,Loyola,1,0,3,1,95,91,1480.9041609862418,1567.5619030328837,0.37781282695371693,0.622187173046283,1500.814150523723,1547.6519134954026
2/26/2021,2021,NJIT,0,0,SFU,NJIT,0,1,0,3,50,75,1369.5406801696215,1549.4656710205174,0.2619744423048495,0.7380255576951504,1361.1574980158664,1557.8488531742726
2/26/2021,2021,Pepperdine,0,0,USC,Pepperdine,0,1,0,3,75,57,1470.3306185671834,1542.302923543807,0.39788009998256146,0.6021199000174385,1457.5984553677415,1555.035086743249
2/26/2021,2021,Charleston,0,0,Sacred,Charleston,0,1,0,3,63,78,1443.375012687998,1468.6443715707871,0.46369845615791166,0.5363015438420884,1428.5366620909447,1483.4827221678404
2/26/2021,2021,Penn,0,0,GMU,Penn,0,1,1,3,86,100,1572.3248120530034,1570.8624156334847,0.5021045451937868,0.49789545480621333,1556.2574666068022,1586.929761079686
2/26/2021,2021,Lewis,0,0,McKendree,Lewis,1,0,3,1,94,87,1595.6548153927392,1585.5293747847036,0.5145675563635698,0.4854324436364303,1611.1886535891051,1569.9955365883377
2/26/2021,2021,Quincy,0,0,Lindenwood,Quincy,0,1,1,3,89,96,1458.9997109899664,1463.5336603303037,0.4934754927597079,0.5065245072402921,1443.2084952216558,1479.3248760986144
2/27/2021,2021,GCU,0,0,BYU,GCU,1,0,3,0,75,51,1543.0748861836316,1492.0771855633075,0.572869012607577,0.4271309873924229,1556.7430777801892,1478.40899396675
2/27/2021,2021,Concordia,0,0,UCLA,Concordia,0,1,2,3,104,106,1541.431643185247,1441.525426499009,0.6399406164496027,0.3600593835503974,1520.9535434588597,1462.0035262253962
2/27/2021,2021,Ball,0,0,Ohio,Ball,1,0,3,2,107,105,1496.854188909107,1581.3745479676863,0.38070939479018234,0.6192906052098177,1516.6714882758213,1561.5572486009721
2/27/2021,2021,Charleston,0,0,Sacred,Charleston,0,1,1,3,84,97,1428.5366620909447,1483.4827221678404,0.42157896204959516,0.5784210379504048,1415.0461353053577,1496.9732489534274
2/27/2021,2021,Penn,0,0,GMU,Penn,0,1,0,3,56,75,1556.2574666068022,1586.929761079686,0.45597333753479613,0.5440266624652038,1541.6663198056888,1601.5209078807993
2/27/2021,2021,Lees,0,0,Greenville,Lees,1,0,3,0,75,51,1545.3486707272682,1410.1795519538605,0.6852696122222517,0.31473038777774826,1555.4200431361562,1400.1081795449725
2/28/2021,2021,Erskine,0,0,Barton,Erskine,0,1,0,3,64,75,1512.5105171357673,1480.5258864420725,0.5458999910552073,0.45410000894479274,1495.0417174220006,1497.9946861558392
2/28/2021,2021,Emmanuel,0,0,Olive,Emmanuel,1,0,3,2,114,108,1570.2307670430494,1443.7934871222722,0.6743292276924446,0.3256707723075553,1580.652231756891,1433.3720224084304
3/1/2021,2021,Emmanuel,0,0,Barton,Emmanuel,0,1,2,3,101,112,1495.0417174220006,1433.3720224084304,0.5878293691414066,0.41217063085859346,1476.2311776094755,1452.1825622209553
3/1/2021,2021,Erskine,0,0,Olive,Erskine,1,0,3,0,75,48,1580.652231756891,1497.9946861558392,0.6167591812927298,0.3832408187072703,1592.9159379555238,1485.7309799572065
3/2/2021,2021,UCLA,0,0,Concordia,UCLA,0,1,0,3,57,75,1462.0035262253962,1520.9535434588597,0.4159689387973091,0.5840310612026908,1448.6925201838824,1534.2645495003735
3/2/2021,2021,Limestone,0,0,Lees,Limestone,0,1,0,3,59,75,1400.1081795449725,1505.7166293686553,0.3525312850162904,0.6474687149837096,1388.8271784244512,1516.9976304891766
3/3/2021,2021,UCSB,0,0,UCSD,UCSB,0,1,1,3,93,101,1472.1260693796585,1500,0.4599720320872137,0.5400279679127863,1457.4069643528676,1514.7191050267909
3/3/2021,2021,Pepperdine,0,0,Stanford,Pepperdine,0,1,0,3,57,75,1469.2573164578146,1555.035086743249,0.37900431624116343,0.6209956837588365,1457.1291783380973,1567.1632248629662
3/3/2021,2021,Belmont,0,0,Queens,Belmont,1,0,3,0,75,61,1448.035507084516,1549.184433622093,0.358412727664915,0.6415872723350851,1468.5662997992388,1528.6536409073701
3/3/2021,2021,Greenville,0,0,King,Greenville,0,1,0,3,67,76,1525.2860666625018,1555.4200431361562,0.4567421371179837,0.5432578628820163,1510.6703182747262,1570.0357915239317
3/4/2021,2021,Concordia,0,0,BYU,Concordia,1,0,3,0,75,58,1556.7430777801892,1448.6925201838824,0.6506707821264923,0.3493292178735077,1567.9216127521415,1437.51398521193
3/4/2021,2021,UCSB,0,0,UCSD,UCSB,0,1,0,3,56,75,1457.4069643528676,1514.7191050267909,0.4182612559831449,0.5817387440168551,1444.022604161407,1528.1034652182516
3/4/2021,2021,Greenville,0,0,Emmanuel,Greenville,0,1,0,3,54,75,1452.1825622209553,1570.0357915239317,0.33661454200875407,0.6633854579912459,1441.4108968766752,1580.8074568682118
3/4/2021,2021,LMU,0,0,Erskine,LMU,0,1,0,3,60,76,1485.7309799572065,1432.5780178340262,0.5759020241435185,0.4240979758564815,1467.302115184614,1451.0068826066188
3/5/2021,2021,USC,0,0,BYU,USC,1,0,3,0,75,64,1567.9216127521415,1457.5984553677415,0.6536384377408585,0.3463615622591415,1579.005182744434,1446.514885375449
3/5/2021,2021,UCLA,0,0,Stanford,UCLA,0,1,1,3,74,98,1457.1291783380973,1534.2645495003735,0.3907818615226226,0.6092181384773773,1444.6241587693735,1546.7695690690975
3/5/2021,2021,GMU,0,0,NJIT,GMU,1,0,3,1,96,90,1557.8488531742726,1541.6663198056888,0.5232717112610236,0.4767282887389764,1573.1041584139198,1526.4110145660416
3/5/2021,2021,Lewis,0,0,Ball,Lewis,0,1,0,3,61,75,1561.5572486009721,1569.9955365883377,0.487858714605601,0.5121412853943991,1545.945769733593,1585.607015455717
3/5/2021,2021,Penn,0,0,Charleston,Penn,0,1,0,3,55,75,1496.9732489534274,1601.5209078807993,0.3539263416646223,0.6460736583353778,1485.6476060201594,1612.8465508140673
3/5/2021,2021,SFU,0,0,Sacred,SFU,0,1,1,3,83,102,1415.0461353053577,1361.1574980158664,0.576936014226822,0.4230639857731781,1396.5841828500993,1379.6194504711248
3/5/2021,2021,Barton,0,0,King,Barton,0,1,1,3,107,113,1510.6703182747262,1476.2311776094755,0.5494002188712557,0.4505997811287444,1493.089511270846,1493.8119846133557
3/5/2021,2021,Limestone,0,0,Belmont,Limestone,0,1,2,3,104,117,1528.6536409073701,1516.9976304891766,0.5167680569679857,0.48323194303201433,1512.1170630843947,1533.534208312152
3/5/2021,2021,,1,0,Bluefield,Erskine,0,1,1,3,70,94,1373,1467.302115184614,0.3675256366641486,0.6324743633358514,1361.2391796267473,1479.0629355578667
3/5/2021,2021,Tusculum,0,0,Erskine,Tusculum,1,0,3,0,75,58,1479.0629355578667,1470.098464838961,0.5128980483065709,0.48710195169342907,1494.6501980120565,1454.5112023847712
3/5/2021,2021,Olive,0,0,Lees,Olive,0,1,2,3,106,117,1388.8271784244512,1592.9159379555238,0.2359831682757677,0.7640168317242323,1381.2757170396267,1600.4673993403483
3/6/2021,2021,UCLA,0,0,Stanford,UCLA,0,1,1,3,74,96,1444.6241587693735,1546.7695690690975,0.35709474008766184,0.642905259912338,1433.1971270865683,1558.1966007519027
3/6/2021,2021,GMU,0,0,NJIT,GMU,1,0,3,0,75,60,1573.1041584139198,1526.4110145660416,0.5667951751111703,0.43320482488882966,1586.9667128103624,1512.548460169599
3/6/2021,2021,USC,0,0,Concordia,USC,1,0,3,2,102,103,1437.51398521193,1446.514885375449,0.48704956053666454,0.5129504394633354,1453.9283992747569,1430.1004713126222
3/6/2021,2021,Lewis,0,0,Ball,Lewis,0,1,0,3,51,75,1545.945769733593,1585.607015455717,0.4431695213505659,0.556830478649434,1531.7643450503747,1599.7884401389351
3/6/2021,2021,Penn,0,0,Charleston,Penn,0,1,0,3,62,75,1485.6476060201594,1612.8465508140673,0.3247086331883438,0.6752913668116562,1475.2569297581324,1623.2372270760943
3/6/2021,2021,SFU,0,0,Sacred,SFU,0,1,0,3,55,75,1396.5841828500993,1379.6194504711248,0.52439482800189,0.47560517199811003,1379.8035483540389,1396.4000849671852
3/6/2021,2021,Barton,0,0,Lees,Barton,0,1,0,3,57,75,1381.2757170396267,1493.8119846133557,0.3434830311338781,0.6565169688661219,1370.2842600433426,1504.8034416096398
3/6/2021,2021,Greenville,0,0,Queens,Greenville,0,1,1,3,94,97,1468.5662997992388,1580.8074568682118,0.3438662148052104,0.6561337851947896,1457.562580925472,1591.8111757419786
3/6/2021,2021,Olive,0,0,King,Olive,1,0,3,2,106,99,1493.089511270846,1600.4673993403483,0.3502098744411343,0.6497901255588657,1513.8827952887298,1579.6741153224646
3/7/2021,2021,UCSB,0,0,UCI,UCSB,0,1,0,3,61,75,1469.4695015289756,1528.1034652182516,0.4164109970378408,0.5835890029621592,1456.1443496237646,1541.4286171234626
3/7/2021,2021,UCSB,0,0,UCI,UCSB,0,1,1,3,83,91,1456.1443496237646,1541.4286171234626,0.37967316366116893,0.620326836338831,1443.9948083866072,1553.57815836062
3/9/2021,2021,LMU,0,0,Emmanuel,LMU,0,1,0,3,62,75,1441.4108968766752,1451.0068826066188,0.48619377688574505,0.513806223114255,1425.8526960163315,1466.5650834669625
3/9/2021,2021,Erskine,0,0,Jamestown,Erskine,1,0,3,1,98,83,1373,1494.6501980120565,0.33175129702123524,0.6682487029787647,1394.3839584953205,1473.266239516736
3/9/2021,2021,Queens,0,0,Lees,Queens,0,1,0,3,44,75,1370.2842600433426,1457.562580925472,0.3769734434649019,0.6230265565350981,1358.2211098524656,1469.625731116349
3/10/2021,2021,Limestone,0,0,Barton,Limestone,,,,,,,1504.8034416096398,1533.534208312152,0.4587470929603398,0.5412529070396602,1504.8034416096398,1533.534208312152
3/10/2021,2021,Tusculum,0,0,Emmanuel,Tusculum,,,,,,,1425.8526960163315,1454.5112023847712,0.4588503778228491,0.541149622177151,1425.8526960163315,1454.5112023847712
3/10/2021,2021,King,0,0,Queens,King,,,,,,,1469.625731116349,1513.8827952887298,0.4366512312116678,0.5633487687883322,1469.625731116349,1513.8827952887298
3/10/2021,2021,Lees,0,0,Jamestown,Lees,,,,,,,1373,1358.2211098524656,0.5212557140933616,0.47874428590663853,1373,1358.2211098524656
3/11/2021,2021,UCSB,0,0,Hawaii,UCSB,,,,,,,1558.404429091366,1553.57815836062,0.5069451151878566,0.49305488481214343,1558.404429091366,1553.57815836062
3/11/2021,2021,UCLA,0,0,Pepperdine,UCLA,,,,,,,1567.1632248629662,1558.1966007519027,0.5129011452243208,0.48709885477567916,1567.1632248629662,1558.1966007519027
3/11/2021,2021,UCI,0,0,UCSD,UCI,,,,,,,1444.022604161407,1443.9948083866072,0.5000400013353533,0.49995999866464663,1444.022604161407,1443.9948083866072
3/11/2021,2021,Concordia,0,0,USC,Concordia,,,,,,,1430.1004713126222,1453.9283992747569,0.46576251736297053,0.5342374826370294,1430.1004713126222,1453.9283992747569
3/11/2021,2021,Ohio,0,0,Ball,Ohio,,,,,,,1531.7643450503747,1516.6714882758213,0.5217067143771124,0.47829328562288764,1531.7643450503747,1516.6714882758213
3/12/2021,2021,UCSB,0,0,Hawaii,UCSB,,,,,,,1558.404429091366,1553.57815836062,0.5069451151878566,0.49305488481214343,1558.404429091366,1553.57815836062
3/12/2021,2021,BYU,0,0,Stanford,BYU,,,,,,,1433.1971270865683,1579.005182744434,0.30167409265557193,0.698325907344428,1433.1971270865683,1579.005182744434
3/12/2021,2021,UCSD,0,0,UCI,UCSD,,,,,,,1443.9948083866072,1444.022604161407,0.49995999866464663,0.5000400013353533,1443.9948083866072,1444.022604161407
3/12/2021,2021,Sacred,0,0,NJIT,Sacred,,,,,,,1586.9667128103624,1379.8035483540389,0.7671927178762437,0.2328072821237564,1586.9667128103624,1379.8035483540389
3/12/2021,2021,Charleston,0,0,GMU,Charleston,,,,,,,1512.548460169599,1475.2569297581324,0.5534616817695774,0.44653831823042256,1512.548460169599,1475.2569297581324
3/12/2021,2021,SFU,0,0,Penn,SFU,,,,,,,1623.2372270760943,1396.4000849671852,0.7868060657361888,0.21319393426381114,1623.2372270760943,1396.4000849671852
3/12/2021,2021,McKendree,0,0,Lewis,McKendree,,,,,,,1599.7884401389351,1611.1886535891051,0.48359965945766403,0.5164003405423361,1599.7884401389351,1611.1886535891051
3/12/2021,2021,Lindenwood,0,0,Quincy,Lindenwood,,,,,,,1479.3248760986144,1443.2084952216558,0.5517892417298632,0.44821075827013684,1479.3248760986144,1443.2084952216558
3/12/2021,2021,PFW,0,0,Loyola,PFW,,,,,,,1547.6519134954026,1500.814150523723,0.5669995731285465,0.4330004268714535,1547.6519134954026,1500.814150523723
3/12/2021,2021,Belmont,0,0,King,Belmont,,,,,,,1513.8827952887298,1512.1170630843947,0.5025410710300422,0.4974589289699578,1513.8827952887298,1512.1170630843947
3/12/2021,2021,Emmanuel,0,0,Jamestown,Emmanuel,,,,,,,1373,1425.8526960163315,0.42452019088496246,0.5754798091150376,1373,1425.8526960163315
3/12/2021,2021,Greenville,0,0,Lees,Greenville,,,,,,,1358.2211098524656,1591.8111757419786,0.2067459962847285,0.7932540037152714,1358.2211098524656,1591.8111757419786
3/13/2021,2021,UCSB,0,0,Hawaii,UCSB,,,,,,,1558.404429091366,1553.57815836062,0.5069451151878566,0.49305488481214343,1558.404429091366,1553.57815836062
3/13/2021,2021,BYU,0,0,Stanford,BYU,,,,,,,1433.1971270865683,1579.005182744434,0.30167409265557193,0.698325907344428,1433.1971270865683,1579.005182744434
3/13/2021,2021,Pepperdine,0,0,UCLA,Pepperdine,,,,,,,1558.1966007519027,1567.1632248629662,0.48709885477567916,0.5129011452243208,1558.1966007519027,1567.1632248629662
3/13/2021,2021,Sacred,0,0,NJIT,Sacred,,,,,,,1586.9667128103624,1379.8035483540389,0.7671927178762437,0.2328072821237564,1586.9667128103624,1379.8035483540389
3/13/2021,2021,USC,0,0,Concordia,USC,,,,,,,1453.9283992747569,1430.1004713126222,0.5342374826370294,0.46576251736297053,1453.9283992747569,1430.1004713126222
3/13/2021,2021,Charleston,0,0,GMU,Charleston,,,,,,,1512.548460169599,1475.2569297581324,0.5534616817695774,0.44653831823042256,1512.548460169599,1475.2569297581324
3/13/2021,2021,SFU,0,0,Penn,SFU,,,,,,,1623.2372270760943,1396.4000849671852,0.7868060657361888,0.21319393426381114,1623.2372270760943,1396.4000849671852
3/13/2021,2021,Lees,0,0,Belmont,Lees,,,,,,,1512.1170630843947,1358.2211098524656,0.7080425915863634,0.2919574084136366,1512.1170630843947,1358.2211098524656
3/16/2021,2021,Emmanuel,0,0,Erskine,Emmanuel,,,,,,,1473.266239516736,1425.8526960163315,0.5678131280911309,0.43218687190886906,1473.266239516736,1425.8526960163315
3/16/2021,2021,LMU,0,0,King,LMU,,,,,,,1513.8827952887298,1466.5650834669625,0.5676777469941451,0.43232225300585486,1513.8827952887298,1466.5650834669625
3/17/2021,2021,GCU,0,0,USC,GCU,,,,,,,1430.1004713126222,1478.40899396675,0.43092302941067906,0.5690769705893209,1430.1004713126222,1478.40899396675
3/17/2021,2021,Belmont,0,0,Tusculum,Belmont,,,,,,,1454.5112023847712,1512.1170630843947,0.41784991236759156,0.5821500876324085,1454.5112023847712,1512.1170630843947
3/17/2021,2021,Greenville,0,0,Limestone,Greenville,,,,,,,1533.534208312152,1591.8111757419786,0.41691048279500775,0.5830895172049922,1533.534208312152,1591.8111757419786
3/18/2021,2021,Loyola,0,0,McKendree,Loyola,,,,,,,1611.1886535891051,1547.6519134954026,0.5904308754802833,0.4095691245197167,1611.1886535891051,1547.6519134954026
3/18/2021,2021,Queens,0,0,Olive,Queens,,,,,,,1579.6741153224646,1469.625731116349,0.6532802565555321,0.3467197434444679,1579.6741153224646,1469.625731116349
3/19/2021,2021,Pepperdine,0,0,BYU,Pepperdine,,,,,,,1579.005182744434,1567.1632248629662,0.5170353510937221,0.4829646489062778,1579.005182744434,1567.1632248629662
3/19/2021,2021,NJIT,0,0,Penn,NJIT,,,,,,,1623.2372270760943,1586.9667128103624,0.5520086676587127,0.4479913323412873,1623.2372270760943,1586.9667128103624
3/19/2021,2021,Stanford,0,0,GCU,Stanford,,,,,,,1478.40899396675,1433.1971270865683,0.564700309391515,0.43529969060848495,1478.40899396675,1433.1971270865683
3/19/2021,2021,Quincy,0,0,Ball,Quincy,,,,,,,1531.7643450503747,1479.3248760986144,0.5748985755644076,0.4251014244355924,1531.7643450503747,1479.3248760986144
3/19/2021,2021,Charleston,0,0,SFU,Charleston,,,,,,,1396.4000849671852,1475.2569297581324,0.3884252393590785,0.6115747606409214,1396.4000849671852,1475.2569297581324
3/19/2021,2021,GMU,0,0,Sacred,GMU,,,,,,,1379.8035483540389,1512.548460169599,0.3177478563749132,0.6822521436250868,1379.8035483540389,1512.548460169599
3/19/2021,2021,Lindenwood,0,0,Lewis,Lindenwood,,,,,,,1599.7884401389351,1443.2084952216558,0.7112261543199098,0.2887738456800903,1599.7884401389351,1443.2084952216558
3/19/2021,2021,Loyola,0,0,McKendree,Loyola,,,,,,,1611.1886535891051,1547.6519134954026,0.5904308754802833,0.4095691245197167,1611.1886535891051,1547.6519134954026
3/19/2021,2021,PFW,0,0,Ohio,PFW,,,,,,,1516.6714882758213,1500.814150523723,0.5228047107522268,0.4771952892477732,1516.6714882758213,1500.814150523723
3/19/2021,2021,Erskine,0,0,Belmont,Erskine,,,,,,,1512.1170630843947,1473.266239516736,0.5556789513070186,0.4443210486929814,1512.1170630843947,1473.266239516736
3/19/2021,2021,Emmanuel,0,0,Greenville,Emmanuel,,,,,,,1591.8111757419786,1425.8526960163315,0.722186582890898,0.27781341710910207,1591.8111757419786,1425.8526960163315
3/19/2021,2021,King,0,0,Limestone,King,,,,,,,1533.534208312152,1513.8827952887298,0.5282505368961957,0.4717494631038042,1533.534208312152,1513.8827952887298
3/20/2021,2021,Pepperdine,0,0,BYU,Pepperdine,,,,,,,1579.005182744434,1567.1632248629662,0.5170353510937221,0.4829646489062778,1579.005182744434,1567.1632248629662
3/20/2021,2021,UCSB,0,0,LBSU,UCSB,,,,,,,1500,1553.57815836062,0.4235002816827839,0.576499718317216,1500,1553.57815836062
3/20/2021,2021,NJIT,0,0,Penn,NJIT,,,,,,,1623.2372270760943,1586.9667128103624,0.5520086676587127,0.4479913323412873,1623.2372270760943,1586.9667128103624
3/20/2021,2021,Stanford,0,0,GCU,Stanford,,,,,,,1478.40899396675,1433.1971270865683,0.564700309391515,0.43529969060848495,1478.40899396675,1433.1971270865683
3/20/2021,2021,UCI,0,0,CSUN,UCI,,,,,,,1500,1443.9948083866072,0.5799070408856557,0.4200929591143444,1500,1443.9948083866072
3/20/2021,2021,Quincy,0,0,Ball,Quincy,,,,,,,1531.7643450503747,1479.3248760986144,0.5748985755644076,0.4251014244355924,1531.7643450503747,1479.3248760986144
3/20/2021,2021,Charleston,0,0,SFU,Charleston,,,,,,,1396.4000849671852,1475.2569297581324,0.3884252393590785,0.6115747606409214,1396.4000849671852,1475.2569297581324
3/20/2021,2021,GMU,0,0,Sacred,GMU,,,,,,,1379.8035483540389,1512.548460169599,0.3177478563749132,0.6822521436250868,1379.8035483540389,1512.548460169599
3/20/2021,2021,PFW,0,0,Ohio,PFW,,,,,,,1516.6714882758213,1500.814150523723,0.5228047107522268,0.4771952892477732,1516.6714882758213,1500.814150523723
3/20/2021,2021,Queens,0,0,Barton,Queens,,,,,,,1504.8034416096398,1469.625731116349,0.5504525082953566,0.4495474917046433,1504.8034416096398,1469.625731116349
3/20/2021,2021,Emmanuel,0,0,Belmont,Emmanuel,,,,,,,1512.1170630843947,1425.8526960163315,0.6216547213978186,0.3783452786021814,1512.1170630843947,1425.8526960163315
3/21/2021,2021,LBSU,0,0,UCSB,LBSU,,,,,,,1553.57815836062,1500,0.576499718317216,0.4235002816827839,1553.57815836062,1500
3/21/2021,2021,CSUN,0,0,UCI,CSUN,,,,,,,1443.9948083866072,1500,0.4200929591143444,0.5799070408856557,1443.9948083866072,1500
3/21/2021,2021,Lindenwood,0,0,Lewis,Lindenwood,,,,,,,1599.7884401389351,1443.2084952216558,0.7112261543199098,0.2887738456800903,1599.7884401389351,1443.2084952216558
3/23/2021,2021,Stanford,0,0,UCLA,Stanford,,,,,,,1558.1966007519027,1433.1971270865683,0.6725089760445012,0.32749102395549873,1558.1966007519027,1433.1971270865683
3/23/2021,2021,King,0,0,Belmont,King,,,,,,,1512.1170630843947,1513.8827952887298,0.4974589289699578,0.5025410710300422,1512.1170630843947,1513.8827952887298
3/23/2021,2021,Greenville,0,0,Life,Greenville,,,,,,,1373,1591.8111757419786,0.22104648053300888,0.7789535194669912,1373,1591.8111757419786
3/23/2021,2021,Lees,0,0,Limestone,Lees,,,,,,,1533.534208312152,1358.2211098524656,0.7328602928050173,0.2671397071949827,1533.534208312152,1358.2211098524656
3/24/2021,2021,Stanford,0,0,UCLA,Stanford,,,,,,,1558.1966007519027,1433.1971270865683,0.6725089760445012,0.32749102395549873,1558.1966007519027,1433.1971270865683
3/26/2021,2021,Hawaii,0,0,UCSD,Hawaii,,,,,,,1444.022604161407,1558.404429091366,0.341091319281513,0.658908680718487,1444.022604161407,1558.404429091366
3/26/2021,2021,Concordia,0,0,BYU,Concordia,,,,,,,1579.005182744434,1453.9283992747569,0.6726069824385432,0.3273930175614567,1579.005182744434,1453.9283992747569
3/26/2021,2021,LBSU,0,0,UCI,LBSU,,,,,,,1443.9948083866072,1500,0.4200929591143444,0.5799070408856557,1443.9948083866072,1500
3/26/2021,2021,USC,0,0,Stanford,USC,,,,,,,1433.1971270865683,1430.1004713126222,0.5044563278871115,0.4955436721128885,1433.1971270865683,1430.1004713126222
3/26/2021,2021,NJIT,0,0,Charleston,NJIT,,,,,,,1475.2569297581324,1586.9667128103624,0.3445566851725598,0.6554433148274402,1475.2569297581324,1586.9667128103624
3/26/2021,2021,Pepperdine,0,0,GCU,Pepperdine,,,,,,,1478.40899396675,1567.1632248629662,0.3749801255063524,0.6250198744936476,1478.40899396675,1567.1632248629662
3/26/2021,2021,CSUN,0,0,UCSB,CSUN,,,,,,,1553.57815836062,1500,0.576499718317216,0.4235002816827839,1553.57815836062,1500
3/26/2021,2021,Ball,0,0,Loyola,Ball,,,,,,,1547.6519134954026,1531.7643450503747,0.5228481255432235,0.4771518744567764,1547.6519134954026,1531.7643450503747
3/26/2021,2021,SFU,0,0,GMU,SFU,,,,,,,1512.548460169599,1396.4000849671852,0.6611904547014604,0.3388095452985395,1512.548460169599,1396.4000849671852
3/26/2021,2021,Penn,0,0,Sacred,Penn,,,,,,,1379.8035483540389,1623.2372270760943,0.1976072225525085,0.8023927774474915,1379.8035483540389,1623.2372270760943
3/26/2021,2021,Lewis,0,0,Quincy,Lewis,,,,,,,1479.3248760986144,1599.7884401389351,0.33326737293917147,0.6667326270608285,1479.3248760986144,1599.7884401389351
3/26/2021,2021,Ohio,0,0,Lindenwood,Ohio,,,,,,,1443.2084952216558,1516.6714882758213,0.39582612756901064,0.6041738724309894,1443.2084952216558,1516.6714882758213
3/26/2021,2021,Barton,0,0,Greenville,Barton,,,,,,,1591.8111757419786,1504.8034416096398,0.6226606563050623,0.3773393436949377,1591.8111757419786,1504.8034416096398
3/26/2021,2021,Olive,0,0,Belmont,Olive,,,,,,,1512.1170630843947,1579.6741153224646,0.40398462256358625,0.5960153774364138,1512.1170630843947,1579.6741153224646
3/26/2021,2021,King,0,0,Emmanuel,King,,,,,,,1425.8526960163315,1513.8827952887298,0.37595759012430957,0.6240424098756904,1425.8526960163315,1513.8827952887298
3/26/2021,2021,Lees,0,0,Erskine,Lees,,,,,,,1473.266239516736,1358.2211098524656,0.6597663122321759,0.34023368776782414,1473.266239516736,1358.2211098524656
3/27/2021,2021,Hawaii,0,0,UCSD,Hawaii,,,,,,,1444.022604161407,1558.404429091366,0.341091319281513,0.658908680718487,1444.022604161407,1558.404429091366
3/27/2021,2021,Concordia,0,0,BYU,Concordia,,,,,,,1579.005182744434,1453.9283992747569,0.6726069824385432,0.3273930175614567,1579.005182744434,1453.9283992747569
3/27/2021,2021,UCI,0,0,LBSU,UCI,,,,,,,1500,1443.9948083866072,0.5799070408856557,0.4200929591143444,1500,1443.9948083866072
3/27/2021,2021,USC,0,0,Stanford,USC,,,,,,,1433.1971270865683,1430.1004713126222,0.5044563278871115,0.4955436721128885,1433.1971270865683,1430.1004713126222
3/27/2021,2021,NJIT,0,0,Charleston,NJIT,,,,,,,1475.2569297581324,1586.9667128103624,0.3445566851725598,0.6554433148274402,1475.2569297581324,1586.9667128103624
3/27/2021,2021,Pepperdine,0,0,GCU,Pepperdine,,,,,,,1478.40899396675,1567.1632248629662,0.3749801255063524,0.6250198744936476,1478.40899396675,1567.1632248629662
3/27/2021,2021,UCSB,0,0,CSUN,UCSB,,,,,,,1500,1553.57815836062,0.4235002816827839,0.576499718317216,1500,1553.57815836062
3/27/2021,2021,Ball,0,0,Loyola,Ball,,,,,,,1547.6519134954026,1531.7643450503747,0.5228481255432235,0.4771518744567764,1547.6519134954026,1531.7643450503747
3/27/2021,2021,SFU,0,0,GMU,SFU,,,,,,,1512.548460169599,1396.4000849671852,0.6611904547014604,0.3388095452985395,1512.548460169599,1396.4000849671852
3/27/2021,2021,Penn,0,0,Sacred,Penn,,,,,,,1379.8035483540389,1623.2372270760943,0.1976072225525085,0.8023927774474915,1379.8035483540389,1623.2372270760943
3/27/2021,2021,Lewis,0,0,Quincy,Lewis,,,,,,,1479.3248760986144,1599.7884401389351,0.33326737293917147,0.6667326270608285,1479.3248760986144,1599.7884401389351
3/27/2021,2021,Ohio,0,0,Lindenwood,Ohio,,,,,,,1443.2084952216558,1516.6714882758213,0.39582612756901064,0.6041738724309894,1443.2084952216558,1516.6714882758213
3/27/2021,2021,PFW,0,0,McKendree,PFW,,,,,,,1611.1886535891051,1500.814150523723,0.65370535022667,0.3462946497733301,1611.1886535891051,1500.814150523723
3/27/2021,2021,Barton,0,0,Belmont,Barton,,,,,,,1512.1170630843947,1504.8034416096398,0.510523593023663,0.48947640697633704,1512.1170630843947,1504.8034416096398
3/27/2021,2021,Lees,0,0,Emmanuel,Lees,,,,,,,1425.8526960163315,1358.2211098524656,0.5961186807127897,0.40388131928721016,1425.8526960163315,1358.2211098524656
3/27/2021,2021,King,0,0,Erskine,King,,,,,,,1473.266239516736,1513.8827952887298,0.4418129078727114,0.5581870921272887,1473.266239516736,1513.8827952887298
3/27/2021,2021,Olive,0,0,Greenville,Olive,,,,,,,1591.8111757419786,1579.6741153224646,0.5174595324253463,0.48254046757465374,1591.8111757419786,1579.6741153224646
3/28/2021,2021,USC,0,0,Stanford,USC,,,,,,,1433.1971270865683,1430.1004713126222,0.5044563278871115,0.4955436721128885,1433.1971270865683,1430.1004713126222
3/28/2021,2021,Pepperdine,0,0,GCU,Pepperdine,,,,,,,1478.40899396675,1567.1632248629662,0.3749801255063524,0.6250198744936476,1478.40899396675,1567.1632248629662
3/28/2021,2021,PFW,0,0,McKendree,PFW,,,,,,,1611.1886535891051,1500.814150523723,0.65370535022667,0.3462946497733301,1611.1886535891051,1500.814150523723
3/30/2021,2021,Belmont,0,0,Lees,Belmont,,,,,,,1358.2211098524656,1512.1170630843947,0.2919574084136366,0.7080425915863634,1358.2211098524656,1512.1170630843947
3/30/2021,2021,Emmanuel,0,0,Limestone,Emmanuel,,,,,,,1533.534208312152,1425.8526960163315,0.650187756176407,0.34981224382359305,1533.534208312152,1425.8526960163315
3/30/2021,2021,Tusculum,0,0,Greenville,Tusculum,,,,,,,1591.8111757419786,1454.5112023847712,0.6879090923185606,0.3120909076814394,1591.8111757419786,1454.5112023847712
3/31/2021,2021,Pepperdine,0,0,UCLA,Pepperdine,,,,,,,1558.1966007519027,1567.1632248629662,0.48709885477567916,0.5129011452243208,1558.1966007519027,1567.1632248629662
4/1/2021,2021,BYU,0,0,USC,BYU,,,,,,,1430.1004713126222,1579.005182744434,0.2979321194008675,0.7020678805991325,1430.1004713126222,1579.005182744434
4/1/2021,2021,UCSB,0,0,UCI,UCSB,,,,,,,1443.9948083866072,1553.57815836062,0.3473263354817103,0.6526736645182897,1443.9948083866072,1553.57815836062
4/1/2021,2021,Loyola,0,0,Lewis,Loyola,,,,,,,1599.7884401389351,1547.6519134954026,0.5744723337627953,0.4255276662372047,1599.7884401389351,1547.6519134954026
4/1/2021,2021,Greenville,0,0,Erskine,Greenville,,,,,,,1473.266239516736,1591.8111757419786,0.3357259679674711,0.6642740320325289,1473.266239516736,1591.8111757419786
4/1/2021,2021,Lees,0,0,King,Lees,,,,,,,1513.8827952887298,1358.2211098524656,0.710139301207418,0.289860698792582,1513.8827952887298,1358.2211098524656
4/2/2021,2021,Hawaii,0,0,LBSU,Hawaii,,,,,,,1500,1558.404429091366,0.4167321271636318,0.5832678728363683,1500,1558.404429091366
4/2/2021,2021,BYU,0,0,USC,BYU,,,,,,,1430.1004713126222,1579.005182744434,0.2979321194008675,0.7020678805991325,1430.1004713126222,1579.005182744434
4/2/2021,2021,GCU,0,0,UCLA,GCU,,,,,,,1558.1966007519027,1478.40899396675,0.6128467712989704,0.3871532287010296,1558.1966007519027,1478.40899396675
4/2/2021,2021,SFU,0,0,NJIT,SFU,,,,,,,1586.9667128103624,1396.4000849671852,0.7496956395843887,0.25030436041561127,1586.9667128103624,1396.4000849671852
4/2/2021,2021,Stanford,0,0,Concordia,Stanford,,,,,,,1453.9283992747569,1433.1971270865683,0.5297993411028774,0.47020065889712254,1453.9283992747569,1433.1971270865683
4/2/2021,2021,CSUN,0,0,UCSD,CSUN,,,,,,,1444.022604161407,1500,0.42013193929234594,0.5798680607076541,1444.022604161407,1500
4/2/2021,2021,McKendree,0,0,Ball,McKendree,,,,,,,1531.7643450503747,1611.1886535891051,0.3876495422522262,0.6123504577477739,1531.7643450503747,1611.1886535891051
4/2/2021,2021,Sacred,0,0,Charleston,Sacred,,,,,,,1475.2569297581324,1379.8035483540389,0.6340135075718534,0.36598649242814657,1475.2569297581324,1379.8035483540389
4/2/2021,2021,GMU,0,0,Penn,GMU,,,,,,,1623.2372270760943,1512.548460169599,0.6541147589304812,0.3458852410695188,1623.2372270760943,1512.548460169599
4/2/2021,2021,Loyola,0,0,Lewis,Loyola,,,,,,,1599.7884401389351,1547.6519134954026,0.5744723337627953,0.4255276662372047,1599.7884401389351,1547.6519134954026
4/2/2021,2021,Lindenwood,0,0,PFW,Lindenwood,,,,,,,1500.814150523723,1443.2084952216558,0.582149800020877,0.4178501999791229,1500.814150523723,1443.2084952216558
4/2/2021,2021,Quincy,0,0,Ohio,Quincy,,,,,,,1516.6714882758213,1479.3248760986144,0.5535400432219185,0.44645995677808153,1516.6714882758213,1479.3248760986144
4/2/2021,2021,Olive,0,0,Erskine,Olive,,,,,,,1473.266239516736,1579.6741153224646,0.3514816096209017,0.6485183903790983,1473.266239516736,1579.6741153224646
4/3/2021,2021,Hawaii,0,0,LBSU,Hawaii,,,,,,,1500,1558.404429091366,0.4167321271636318,0.5832678728363683,1500,1558.404429091366
4/3/2021,2021,GCU,0,0,UCLA,GCU,,,,,,,1558.1966007519027,1478.40899396675,0.6128467712989704,0.3871532287010296,1558.1966007519027,1478.40899396675
4/3/2021,2021,UCI,0,0,UCSB,UCI,,,,,,,1553.57815836062,1443.9948083866072,0.6526736645182897,0.3473263354817103,1553.57815836062,1443.9948083866072
4/3/2021,2021,SFU,0,0,NJIT,SFU,,,,,,,1586.9667128103624,1396.4000849671852,0.7496956395843887,0.25030436041561127,1586.9667128103624,1396.4000849671852
4/3/2021,2021,Stanford,0,0,Concordia,Stanford,,,,,,,1453.9283992747569,1433.1971270865683,0.5297993411028774,0.47020065889712254,1453.9283992747569,1433.1971270865683
4/3/2021,2021,UCSD,0,0,CSUN,UCSD,,,,,,,1500,1444.022604161407,0.5798680607076541,0.42013193929234594,1500,1444.022604161407
4/3/2021,2021,McKendree,0,0,Ball,McKendree,,,,,,,1531.7643450503747,1611.1886535891051,0.3876495422522262,0.6123504577477739,1531.7643450503747,1611.1886535891051
4/3/2021,2021,Sacred,0,0,Charleston,Sacred,,,,,,,1475.2569297581324,1379.8035483540389,0.6340135075718534,0.36598649242814657,1475.2569297581324,1379.8035483540389
4/3/2021,2021,GMU,0,0,Penn,GMU,,,,,,,1623.2372270760943,1512.548460169599,0.6541147589304812,0.3458852410695188,1623.2372270760943,1512.548460169599
4/3/2021,2021,Lindenwood,0,0,PFW,Lindenwood,,,,,,,1500.814150523723,1443.2084952216558,0.582149800020877,0.4178501999791229,1500.814150523723,1443.2084952216558
4/3/2021,2021,Quincy,0,0,Ohio,Quincy,,,,,,,1516.6714882758213,1479.3248760986144,0.5535400432219185,0.44645995677808153,1516.6714882758213,1479.3248760986144
4/3/2021,2021,Barton,0,0,Erskine,Barton,,,,,,,1473.266239516736,1504.8034416096398,0.45473855928737905,0.545261440712621,1473.266239516736,1504.8034416096398
4/3/2021,2021,Lees,0,0,LMU,Lees,,,,,,,1466.5650834669625,1358.2211098524656,0.6510545999349758,0.34894540006502417,1466.5650834669625,1358.2211098524656
4/6/2021,2021,UCLA,0,0,BYU,UCLA,,,,,,,1579.005182744434,1558.1966007519027,0.529910202194878,0.47008979780512195,1579.005182744434,1558.1966007519027
4/6/2021,2021,Barton,0,0,Olive,Barton,,,,,,,1579.6741153224646,1504.8034416096398,0.6061101045053149,0.39388989549468517,1579.6741153224646,1504.8034416096398
4/6/2021,2021,Belmont,0,0,Greenville,Belmont,,,,,,,1591.8111757419786,1512.1170630843947,0.6127190682738602,0.3872809317261398,1591.8111757419786,1512.1170630843947
4/6/2021,2021,Erskine,0,0,Emmanuel,Erskine,,,,,,,1425.8526960163315,1473.266239516736,0.43218687190886906,0.5678131280911309,1425.8526960163315,1473.266239516736
4/6/2021,2021,King,0,0,Lees,King,,,,,,,1358.2211098524656,1513.8827952887298,0.289860698792582,0.710139301207418,1358.2211098524656,1513.8827952887298
4/9/2021,2021,CSUN,0,0,Hawaii,CSUN,,,,,,,1558.404429091366,1500,0.5832678728363683,0.4167321271636318,1558.404429091366,1500
4/9/2021,2021,UCSD,0,0,LBSU,UCSD,,,,,,,1500,1444.022604161407,0.5798680607076541,0.42013193929234594,1500,1444.022604161407
4/9/2021,2021,UCLA,0,0,BYU,UCLA,,,,,,,1579.005182744434,1558.1966007519027,0.529910202194878,0.47008979780512195,1579.005182744434,1558.1966007519027
4/9/2021,2021,NJIT,0,0,GMU,NJIT,,,,,,,1512.548460169599,1586.9667128103624,0.39451183002980356,0.6054881699701964,1512.548460169599,1586.9667128103624
4/9/2021,2021,USC,0,0,GCU,USC,,,,,,,1478.40899396675,1430.1004713126222,0.5690769705893209,0.43092302941067906,1478.40899396675,1430.1004713126222
4/9/2021,2021,Charleston,0,0,Penn,Charleston,,,,,,,1623.2372270760943,1475.2569297581324,0.7009536247897894,0.29904637521021066,1623.2372270760943,1475.2569297581324
4/9/2021,2021,Sacred,0,0,SFU,Sacred,,,,,,,1396.4000849671852,1379.8035483540389,0.5238661858990338,0.4761338141009662,1396.4000849671852,1379.8035483540389
4/10/2021,2021,CSUN,0,0,Hawaii,CSUN,,,,,,,1558.404429091366,1500,0.5832678728363683,0.4167321271636318,1558.404429091366,1500
4/10/2021,2021,UCLA,0,0,BYU,UCLA,,,,,,,1579.005182744434,1558.1966007519027,0.529910202194878,0.47008979780512195,1579.005182744434,1558.1966007519027
4/10/2021,2021,LBSU,0,0,UCSD,LBSU,,,,,,,1444.022604161407,1500,0.42013193929234594,0.5798680607076541,1444.022604161407,1500
4/10/2021,2021,NJIT,0,0,GMU,NJIT,,,,,,,1512.548460169599,1586.9667128103624,0.39451183002980356,0.6054881699701964,1512.548460169599,1586.9667128103624
4/10/2021,2021,USC,0,0,GCU,USC,,,,,,,1478.40899396675,1430.1004713126222,0.5690769705893209,0.43092302941067906,1478.40899396675,1430.1004713126222
4/10/2021,2021,Charleston,0,0,Penn,Charleston,,,,,,,1623.2372270760943,1475.2569297581324,0.7009536247897894,0.29904637521021066,1623.2372270760943,1475.2569297581324
4/10/2021,2021,Sacred,0,0,SFU,Sacred,,,,,,,1396.4000849671852,1379.8035483540389,0.5238661858990338,0.4761338141009662,1396.4000849671852,1379.8035483540389
4/16/2021,2021,Hawaii,0,0,UCI,Hawaii,,,,,,,1443.9948083866072,1558.404429091366,0.34105535931037684,0.6589446406896231,1443.9948083866072,1558.404429091366
4/16/2021,2021,CSUN,0,0,LBSU,CSUN,,,,,,,1500,1500,0.5,0.5,1500,1500
4/16/2021,2021,GCU,0,0,Concordia,GCU,,,,,,,1453.9283992747569,1478.40899396675,0.46482777980846596,0.5351722201915341,1453.9283992747569,1478.40899396675
4/17/2021,2021,Hawaii,0,0,UCI,Hawaii,,,,,,,1443.9948083866072,1558.404429091366,0.34105535931037684,0.6589446406896231,1443.9948083866072,1558.404429091366
4/17/2021,2021,LBSU,0,0,CSUN,LBSU,,,,,,,1500,1500,0.5,0.5,1500,1500
4/17/2021,2021,GCU,0,0,Concordia,GCU,,,,,,,1453.9283992747569,1478.40899396675,0.46482777980846596,0.5351722201915341,1453.9283992747569,1478.40899396675
3/10/2021 - 1,2021,SFCB,0,0,Sacred,SFCB,,,,,,,1379.8035483540389,1500,0.33360912057078335,0.6663908794292167,1379.8035483540389,1500
3/10/2021 - 2,2021,SFCB,0,0,Sacred,SFCB,,,,,,,1379.8035483540389,1500,0.33360912057078335,0.6663908794292167,1379.8035483540389,1500
4/6/2021 - 1,2021,Sacred,0,0,SFCB,Sacred,,,,,,,1500,1379.8035483540389,0.6663908794292167,0.33360912057078335,1500,1379.8035483540389
4/6/2021 - 2,2021,Sacred,0,0,SFCB,Sacred,,,,,,,1500,1379.8035483540389,0.6663908794292167,0.33360912057078335,1500,1379.8035483540389
